2011.02505
2012.01742
2101.05282
2101.05811
2101.07122
2101.10206
2102.13654
2103.09923
2104.00662
2104.11759
2104.14565
2105.13370
2106.08128
2106.08819
2106.13337
2107.00036
2107.08057
2109.10912
2109.12114
2110.13943
2111.03676
2111.05291
2111.11196
2112.00852
2112.03959
2112.15353
2201.09097
2201.09438
2201.13379
2202.00042
2202.04199
2202.08369
2203.01953
2203.03659
2203.07938
2203.11250
2203.12795
2204.09414
2204.12140
2204.12551
2205.00040
2205.03444
2205.06186
2205.13715
2206.00417
2206.03511
2206.03777
2206.04458
2206.04567
2206.05411
2206.05595
2206.05902
2206.05989
2206.08230
2206.10505
2206.11047
2206.12170
2206.15318
2207.02925
2207.08452
2207.13368
2208.02257
2208.05277
2208.09403
2208.12112
2209.03906
2209.06833
2209.07885
2209.09915
2209.12938
2209.13107
2210.01137
2210.03725
2210.08510
2210.11930
2210.14734
2211.01449
2211.01534
2211.08852
2211.14322
2212.02542
2212.08249
2301.01722
2301.03777
2301.12109
2302.00053
2302.04348
2303.17424
2304.00226
2304.01671
2304.02209
2304.07322
2304.08370
2305.09215
2305.09414
2305.18147
2306.03357
2307.01337
2307.01688
2307.13719
2308.00104
2308.08584
2308.12330
2308.12489
2308.13039
2309.10148
2309.10862
2310.03654
2310.05653
2311.08358
2311.08489
2312.02735
2312.05301
2312.11124
2312.11664
2401.03959
2401.04173
2401.05630
2401.08546
2402.13223
2402.15101
2402.15438
2403.03261
2403.04592
2403.04606
2403.12146
2404.11022
2404.14127
2404.19676
2405.10379
2406.04288
2406.07196
2407.04765
2407.10823
2407.12583
2407.18828
2408.05423
2409.16992
2410.14372
2410.20194
2411.00088
2412.08465
2501.06295
2501.08486
2501.14462
2501.14494
2501.14955
2501.18719
2502.01910
2502.08068
2502.09373
2503.02657
2503.05160
2503.08286
2503.08583
2504.06362
2504.06973
2504.07569
2504.11528
2505.03085
2505.03716
2505.12563
2506.02763
2506.07499
2506.16513
2506.19933
2506.21768
2506.22399
2507.15936
2508.01127
2508.08364
2508.09845
2508.14875
2509.03361
2509.13412
2510.13288
2510.19810
2511.02539
2511.07554
2511.15610
2511.20923
2601.05387
2601.09671
2601.14367
2602.02910
2603.00229
2603.02327
