2111.11725
2212.11971
2110.13382
2304.07158
2601.02250
2104.13148
2601.07184
2206.11275
2405.13395
2505.12945
2309.13453
2510.02509
2209.02731
2211.08463
2508.08374
2410.05654
2310.02256
2407.19219
2603.11994
2504.19866
2203.07294
2306.13130
2406.11593
2302.02611
2305.10269
2407.02594
2201.05614
2312.10158
2109.11951
2111.01860
2111.01145
2310.06295
2206.08383
2506.17861
2406.18767
2408.14694
2109.09185
2207.08742
2111.03887
2304.12490
2112.07023
2107.12691
2107.06373
2601.03810
2305.03557
2404.02976
2510.18343
2312.03162
2507.09622
2402.14960
2310.15671
2204.13672
2407.20949
2601.16696v1
2605.27889v2
2512.08173v1
2607.14860v1
2508.18413v2
2605.29193v1
2605.21782v1
2510.03587v2
2605.14565v2
2508.16556v1
2605.09064v1
2602.14616v2
2605.12901v1
2605.23048v1
2606.23358v1
2606.14902v1
2606.18806v1
2605.30722v2
2604.02304v1
2607.19498v1
